STN--- WBAN   YEARMODA    TEMP       DEWP      SLP        STP       VISIB      WDSP     MXSPD   GUST    MAX     MIN   PRCP   SNDP   FRSHTT
010160 99999  20140101    12.1 21     9.1 21  1021.2 21  1019.5 21  999.9  0   11.4 20   21.4  999.9    19.6*    0.7*  0.00I 999.9  000000
010160 99999  20140102    17.9 24    16.1 24  1020.4 24  1018.8 24  999.9  0    9.7 24   21.4  999.9    21.2    14.7*  0.00I 999.9  000000
010160 99999  20140103    23.1 24    19.8 24  1018.7 24  1017.1 24  999.9  0    5.2 24    9.7  999.9    24.8    15.1   0.00I 999.9  000000
010160 99999  20140104    11.1 24     8.4 24  1017.8 24  1016.2 24  999.9  0   20.2 24   25.3  999.9    21.0*    3.7*  0.00I 999.9  000000
010160 99999  20140105     6.7 23     2.0 23  1020.6 23  1018.9 23  999.9  0   17.8 23   21.4  999.9     8.1     4.8*  0.00I 999.9  000000
010160 99999  20140106    -1.3 24    -5.3 24  1024.7 24  1023.0 24  999.9  0   11.2 24   17.5  999.9     4.6*   -4.5*  0.00I 999.9  000000
010160 99999  20140107    -6.0 24    -9.5 24  1027.4 24  1025.7 24  999.9  0    8.3 24   13.6  999.9     4.3*   -9.4*  0.00I 999.9  000000
010160 99999  20140108    -4.0 23    -7.3 23  1027.0 23  1025.3 23  999.9  0    5.5 21    9.7  999.9     4.6*  -10.7   0.00I 999.9  000000
010160 99999  20140109     2.8 24    -0.1 24  1021.3 24  1019.6 24  999.9  0    4.9 22   13.6  999.9    17.2*  -11.7   0.00I 999.9  000000
010160 99999  20140110    21.2 24    19.8 24  1009.0 24  1007.4 24  999.9  0   12.1 24   21.4  999.9    24.1     9.9   0.00I 999.9  000000
010160 99999  20140111    19.0 23    17.4 23  1008.5 23  1006.9 23  999.9  0    5.7 23   13.6  999.9    25.0     8.2*  0.00I 999.9  000000
010160 99999  20140112     9.9 23     7.8 23  1013.8 23  1012.2 23  999.9  0    2.7 21    3.9  999.9    15.4     4.8   0.00I 999.9  000000
010160 99999  20140113     7.4 24     4.9 24  1019.2 24  1017.5 24  999.9  0  999.9  0  999.9  999.9    13.6*    2.5*  0.00I 999.9  000000
010160 99999  20140114     5.7 23     3.0 23  1025.6 23  1023.9 23  999.9  0    7.9 22   15.5  999.9    13.6*   -0.6*  0.00I 999.9  000000
010160 99999  20140115    17.5 23    15.9 23  1021.1 23  1019.5 23  999.9  0    9.0 23   17.5  999.9    25.0*    0.3   0.00I 999.9  000000
010160 99999  20140116    21.4 24    20.4 24  1016.8 24  1015.2 24  999.9  0    7.8 24   15.5  999.9    26.2*   16.0   0.00I 999.9  000000
010160 99999  20140117    22.1 22    20.7 22  1012.2 22  1010.6 22  999.9  0    9.5 22   13.6  999.9    26.2*   18.0*  0.00I 999.9  000000
010160 99999  20140118    20.4 24    17.6 24  1011.4 24  1009.8 24  999.9  0   11.0 24   17.5  999.9    27.0     5.5*  0.00I 999.9  000000
010160 99999  20140119     6.6 24     3.3 24  1020.1 24  1018.5 24  999.9  0    8.9 24   13.6  999.9    14.9*    0.3   0.00I 999.9  000000
010160 99999  20140120    16.8 24    14.7 24  1021.0 24  1019.4 24  999.9  0   10.4 24   21.4  999.9    23.7*    9.9   0.00I 999.9  000000
010160 99999  20140121    20.5 24    18.4 24  1013.8 24  1012.2 24  999.9  0   10.8 24   15.5  999.9    24.8*   12.7*  0.00I 999.9  000000
010160 99999  20140122    20.2 24    19.2 24  1014.5 24  1012.9 24  999.9  0   10.0 24   17.5  999.9    28.6*    7.9   0.00I 999.9  000000
010160 99999  20140123    24.2 23    23.3 23  1009.8 23  1008.2 23  999.9  0    6.4 22   11.7  999.9    28.2*   18.0*  0.00I 999.9  000000
010160 99999  20140124    24.1 24    23.3 24  1017.3 24  1015.7 24  999.9  0    5.0 24    9.7  999.9    25.7*   20.7*  0.00I 999.9  000000
010160 99999  20140125    24.2 24    23.3 24  1022.5 24  1020.9 24  999.9  0   12.5 24   17.5  999.9    26.6    21.2*  0.00I 999.9  000000
010160 99999  20140126    23.4 23    21.6 23  1032.3 23  1030.7 23  999.9  0   16.0 23   25.3  999.9    28.8    10.4*  0.00I 999.9  000000
010160 99999  20140127    15.8 24    14.1 24  1036.5 24  1034.8 24  999.9  0    6.0 24   11.7  999.9    21.4     8.8   0.00I 999.9  000000
010160 99999  20140128    21.2 24    19.6 24  1028.3 24  1026.7 24  999.9  0    9.6 24   15.5  999.9    24.1    11.1   0.00I 999.9  000000
010160 99999  20140129    23.2 24    21.9 24  1015.5 24  1013.8 24  999.9  0   10.5 24   15.5  999.9    25.2    20.7*  0.00I 999.9  000000
010160 99999  20140130    20.4 23    19.4 23  1015.1 23  1013.5 23  999.9  0    3.5 23    5.8  999.9    23.5    16.7*  0.00I 999.9  000000
010160 99999  20140131    13.8 24    12.1 24  1021.0 24  1019.4 24  999.9  0    1.9 23    1.9  999.9    16.0    10.8*  0.00I 999.9  000000
010160 99999  20140201    16.9 22    15.4 22  1023.5 22  1021.9 22  999.9  0  999.9  0  999.9  999.9    25.3*   12.9*  0.00I 999.9  000000
010160 99999  20140202    25.8 23    24.8 23  1019.9 23  1018.3 23  999.9  0   12.1  8   13.6  999.9    27.9*   23.5*  0.00I 999.9  000000
010160 99999  20140203    28.2 23    26.4 23  1008.4 23  1006.8 23  999.9  0   17.0 23   21.4  999.9    29.3*   26.8   0.00I 999.9  000000
010160 99999  20140204    27.2 23    26.5 23  1004.8 23  1003.2 23  999.9  0    4.7 21    9.7  999.9    29.3*   24.3*  0.00I 999.9  000000
010160 99999  20140205    25.3 24    23.6 24  1010.1 24  1008.5 24  999.9  0    6.5 24   11.7  999.9    27.0*   23.2   0.00I 999.9  000000
010160 99999  20140206    26.9 24    24.7 24  1012.6 24  1011.0 24  999.9  0   11.9 24   15.5  999.9    27.5*   25.9   0.00I 999.9  000000
010160 99999  20140207    27.7 24    25.8 24  1010.0 24  1008.4 24  999.9  0   14.3 24   17.5  999.9    28.6    26.4*  0.00I 999.9  000000
010160 99999  20140208    26.8 24    24.9 24  1005.2 24  1003.6 24  999.9  0   17.6 24   21.4  999.9    28.4*   24.1   0.00I 999.9  000000
010160 99999  20140209    28.5 24    27.8 24  1000.4 24   998.9 24  999.9  0   19.1 24   23.3  999.9    29.7    26.4   0.00I 999.9  000000
010160 99999  20140210    30.8 23    30.3 23   992.7 23   991.2 23  999.9  0   20.5 23   27.2  999.9    32.5*   28.4   0.00I 999.9  000000
010160 99999  20140211    31.9 24    31.2 24   996.5 24   995.0 24  999.9  0   21.7 24   29.1  999.9    33.1*   30.0*  0.00I 999.9  000000
010160 99999  20140212    30.8 24    29.9 24  1009.9 24  1008.4 24  999.9  0   19.1 24   23.3  999.9    32.2*   28.9*  0.00I 999.9  000000
010160 99999  20140213    27.0 22    25.4 22  1013.4 22  1011.8 22  999.9  0   23.5 22   29.1  999.9    28.9*   25.9*  0.00I 999.9  000000
010160 99999  20140214    26.6 22    24.8 22  1010.8 22  1009.2 22  999.9  0   18.5 22   23.3  999.9    27.9*   25.3*  0.00I 999.9  000000
010160 99999  20140215    28.9 24    28.3 24  1005.4 24  1003.9 24  999.9  0   16.0 24   19.4  999.9    29.7    26.4   0.00I 999.9  000000
010160 99999  20140216    28.9 24    28.5 24  1000.8 24   999.3 24  999.9  0   11.8 24   17.5  999.9    29.8*   26.6*  0.00I 999.9  000000
010160 99999  20140217    28.4 24    26.0 24  1010.0 24  1008.4 24  999.9  0   18.0 24   19.4  999.9    30.0*   25.9*  0.00I 999.9  000000
010160 99999  20140218    22.9 23    16.3 23  1019.9 23  1018.3 23  999.9  0   15.1 23   21.4  999.9    26.2*   15.8*  0.00I 999.9  000000
010160 99999  20140219    20.2 24    16.8 24  1019.6 24  1018.0 24  999.9  0    9.1 22   17.5  999.9    24.6*   14.9*  0.00I 999.9  000000
010160 99999  20140220    25.4 23    22.3 23  1012.3 23  1010.7 23  999.9  0   13.8 23   17.5  999.9    27.5*   21.9   0.00I 999.9  000000
010160 99999  20140221    22.5 23    20.4 23  1005.8 23  1004.2 23  999.9  0    8.0 23   15.5  999.9    26.1*   15.1*  0.00I 999.9  000000
010160 99999  20140222    24.0 24    22.4 24  1003.5 24  1001.9 24  999.9  0    7.8 24   13.6  999.9    27.3    13.3   0.00I 999.9  000000
010160 99999  20140223    25.6 24    23.5 24   995.8 24   994.2 24  999.9  0   12.5 24   15.5  999.9    27.5*   20.1   0.00I 999.9  000000
010160 99999  20140224    27.7 24    26.4 24   992.6 24   991.0 24  999.9  0   17.2 24   23.3  999.9    29.1*   25.7*  0.00I 999.9  000000
010160 99999  20140225    27.7 24    26.6 24   996.3 24   994.8 24  999.9  0   21.6 24   25.3  999.9    29.3*   26.4*  0.00I 999.9  000000
010160 99999  20140226    24.5 24    21.4 24  1010.9 24  1009.3 24  999.9  0   14.5 23   21.4  999.9    26.1*   22.5*  0.00I 999.9  000000
